181 11. INDICES. B. INDEX EORUM, AD QUOS MEL. SCRIPSIT. 182

Bremensi Senatui, V, 166. -- IX, 15. CaesareO, s. Caesario, Ioanni, IV, 639. -- V, 148. —
Bromio, Ioanni, Π, 484. 494. 501. 504. 516. 547. X, 6. 65. 66. 68.

590. 660. 699. 823. 843. — III, 169. 201. 340. Calvino, Ioanni, V, 107. — VH, 1085. — VIII, 362.

390. 426. 585. 646. 787. 924. 977. - IV, 147. 482. —- IX, 323.

476. 513. 809. 910. — V, 188. 254. 339. —- VI, Cameniceno, Iacobo, VII, 610. 659. 785. 792. 811.

860, -- VIII, 540, 588, - IX⁷ 144, 364, camerarii, Ioachimi uxori, Annae, VIII, 33.
Bretschneidero (P1a00t0m0)‚ Ioanni, V, 330, .-. VII, Camerarii filiis: a) Ioachimo‚ VII, 539. — VIII, 876.

052. 725. 804. 847. 905. - Vm, 73. 120. 131. b) Ioanni, VI, 653.

214. 263. camerario, Ioachimo (germanice Cammermeister)‚ Ι, 597.
Brismanno, Ioanni, Ι, 604. 755. 599. 626. 644. 648. 650. 681. 682. 683. 685. 687.
Brodensi, Weneeslao, VIII, 118. 722. 726. 729. 734. 737. 739. 741. 743. 747. 750.
Bromio, Nicolao, III, 1156. 751. 752. 753. 788. 792. 793. 796. 798. 801. 802.
Bronnero, Hieronymo, 1, 135. 804. 805. 807. 808. 811. 814. 815. 823. 8241827.

Brubaohio, Aug„ ΙΙ, 784. 831. 833. 836. 855. 858. 862. 865. 867. 879. 883.
Briick, Gregor. (germanice Gregorius Heinze, Ponta„ 919. 935. 942. 950. 951. 952. 974. 976. 982. 985.
nus appellatus), I, 978. 980. — ΙΙΙ, 552. -— IV, 997. 999. 1002. 1003. 1005. 1007. 1034. 1039.

1060- ν, 233, 975, Ἦ, 257, 285. 334. 1051. 1059. 1061. 1067. 1082. 1092. 1098. 1110.
Briiek, Christiano, filio Gregorii, III, 359. — Χ, 5. 1112. -—- ΙΙ, 15. 22. 42. 49. 57. 119. 140. 192.
Briicknffl-o, NjeolaQ V⁷ 115. 229. 275. 329. 333. 335. 337. 340. 358. 383. 388.
Brunnero, Valent„ VI, 772 396. 439.469. 47]. 485. 487. 495. 500. 503. 505.
Brunsvicengj Senatui, V, 412, 507. 514. 517. 518. 537. 545. 548. 551. 553. 554.
Brunsvicensibus Ducibus, vid. Franciscus, Otho, Gui- 562. 571.585. 587. 589. 595. 596. 598. 600. 605.

lielmus, 623. 629. 639. 645. 646. 652. 653. 659. 662. 663.

Bucero, Martius), II, 221, 470, 498, 552, 641, 675, 686. 699702. 703. 704. 708. 713. 714. 720. 721.
710. 775. 837. 841. 873. -— ΙΙΙ, 356. - V, 218. 727. 728731. 776. 783. 785. 791. 799. 822. 860.

360. 474. — VII, 158. 330. 342. —- Χ, 149. 868. 877. 878. 881. 899. 918. 935. 951. 965. 989.
Buchholzero, Georgio, V. 703. 717. 729. 757. 856. 1027. —- III, 34. 40. 52. 89. 91. 105. 162. 171.
872. 906. - VI, 128. 207. 211. 240. 377, 403, 177. 193. 204. 291. 294. 338. 359. 388. 392.

427. 534. 550. 717. 718. 815. 899. 957. — VII, 419. 438. 456. 506. 538. 548. 559. 571. 597.
100. 160. 230. 299. 327. 332. 442. 459. 516. 540. 630. 635. 638. 686. 697. 711. 725. 764. 773. 839.
559. 795. 853. 857. 865. 1011. 1093. 1138. 1142. 977. 987. 1016. 1025. 1072. 1077. 1102. 1125.
1144. 1152. — VIII, 19. 46, 133, 151. 221. 227 1162. 1185. 1247. - IV, 19. 88. 175. 185. 280.
300. 388. 406, 409. 421. 448, 474. 594, 604. 625 308. 392. 406. 521. 642. 643. 646. 648. 656. 682. “
628. 660. 662. 676. 679. 735. 763. 789. 818. 850
856. 912. 940. — IX, 8. 21. 74.111. 125. 136
153. 423. 426. 433. 521. 543. 578. 579. 600. 736

, ι 697. 703. 704. 709. 711. 713. 757. 759. 760. 775.

, ¹ 785. 787. 789. 799. 800. 810. 815. 818. 827. 831.

, :¹ 843. 845. 847. 849. 851. 855. 862. 867. 870. 885.

749. 789. 813. 824. 831. 843. 850. 897. 1049. i 886. 895. 898. 905. 906. 914. 917. — V, 16- 35.

1056. 1057. 1058. 45. 47. 52. 54. 93. 99. 103. 110. 116. 121. 154.

Buehholzero, Noae, filio Georgii, VI, 535, 626, 161. 221,225. 226. 236. 239. 243. 252. 270. 291.

Buchholzero, Abrahamo, filio Georgii, VIII, 907, 292. 294. 309. 315. 322. 327. 331. 332. 337. 345.

Buchner, Io., VI, 770. 772. 356. 357. 360. 363. 371. 376. 394. 397. 406. 408.

a Buenau, Gunth, I, 265. — V, 175.

Bugenhagen, Ioann., Pomeranus, I, 521. 882. 1042. —
III, 179. 1061. 1129. 1231. — V, 104. —— VI,
286. 456.

Bullingero, Henrico, V, 342. 475. ·—- VIII, 523. 847.
— IX, 283. 296. 327. 379. 751.

Burchardo, Franciseo, qui etiam appellatur Franciscns
Vimariensis, Π, 794. —— III, 22. 96. — IV, 870.
-—- VI, 556. ——- VII, 251. 336.

Burenio, Arnoldo, II, 701. 849. 865. — IV, 756. — Ι

410. 415, 422. 427. 437. 446. 455. 462. 473. 481.
488. 491.492. 494. 497. 503. 507. 546. 554. 573.
656. 667670. 680. 681. 683. 684. 700. 704. 708.
718. 755767. 770. 784. 794. 797. 802. 831. 832.
834. 835. 840. 850. 855. 863. 864. 873. 876. 884.
892. 894. 899900. 901. 903. 910.-V1‚21. 31.49.67.
70. 80. 133. 149. 206. 220. 224. 235. 238. 262.
282. 287.311. 315. 318. 319. 323. 343. 374. 392.
437. 569. 588. 613. 658. 716. 721. 731. 743. 751.
758. 771. 785. 799. 817. 819. 823. 837. 850. 877.
890. 900. 917. 920. 947. —- VII, 105. 125. 128.
146. 154. 165. 188. 193. 224. 250. 341. 405. 409.
415. 419. 443. 461. 484. 485. 489. 500. 503. 506.
517. 518. 533. 537. 538. 541. 555. 556. 572. 579.
595. 598. 601. 610. 622. 623. 628. 636. 647. 660.
M&

 

 

VII, 684.

Buscodueensi, Nicolao, proprie Bruehhofen, V, 111.
165. — VI, 84. 537. — X, 5.

Buseoducensi, Henrico, VIII, 539. 741. 771. 875. —
IX, 88. 110.130. 156. 197.

